{
 "cells": [
  {
   "cell_type": "code",
   "execution_count": 1,
   "metadata": {},
   "outputs": [
    {
     "data": {
      "text/html": [
       "        <script type=\"text/javascript\">\n",
       "        window.PlotlyConfig = {MathJaxConfig: 'local'};\n",
       "        if (window.MathJax) {MathJax.Hub.Config({SVG: {font: \"STIX-Web\"}});}\n",
       "        if (typeof require !== 'undefined') {\n",
       "        require.undef(\"plotly\");\n",
       "        requirejs.config({\n",
       "            paths: {\n",
       "                'plotly': ['https://cdn.plot.ly/plotly-2.3.1.min']\n",
       "            }\n",
       "        });\n",
       "        require(['plotly'], function(Plotly) {\n",
       "            window._Plotly = Plotly;\n",
       "        });\n",
       "        }\n",
       "        </script>\n",
       "        "
      ]
     },
     "metadata": {},
     "output_type": "display_data"
    }
   ],
   "source": [
    "#import librarias\n",
    "\n",
    "import pandas as pd\n",
    "import numpy as np\n",
    "import requests\n",
    "import datetime\n",
    "import plotly\n",
    "import cufflinks as cf\n",
    "\n"
   ]
  },
  {
   "cell_type": "code",
   "execution_count": 2,
   "metadata": {},
   "outputs": [],
   "source": [
    "def get_cotacao(ticker='^BVSP', source='yahoo', b_date='01/01/2000', e_date=datetime.datetime.strptime(str(datetime.date.today()), \"%Y-%m-%d\").strftime(\"%m-%d-%Y\")):\n",
    "    import pandas as pd\n",
    "    from pandas_datareader import data as get\n",
    "    return get.DataReader(ticker, data_source=source, start=b_date, end=e_date)\n",
    "def justclose(data,name_of_ticker):\n",
    "    data.drop(data[['High','Low','Open','Close','Volume']],axis=1, inplace=True)\n",
    "    data.rename(columns={'Adj Close':name_of_ticker},inplace=True)\n",
    "    data.dropna(inplace=True)\n",
    "def base(b,asset):\n",
    "    b=b.join(asset,how='outer')\n",
    "    b.dropna(inplace=True)\n",
    "    b.rename(index={})\n",
    "    return b\n",
    "def get_close_all_assets(list_of_assets):\n",
    "    data=pd.DataFrame(index={'Date'})\n",
    "    for i in list_of_assets:\n",
    "        asset=get_cotacao(i)\n",
    "        justclose(asset,i)\n",
    "        data=base(data,asset)\n",
    "    data.index.names = ['Date']\n",
    "    return data\n",
    "    \n",
    "    \n",
    "\n",
    "    \n"
   ]
  },
  {
   "cell_type": "code",
   "execution_count": 3,
   "metadata": {},
   "outputs": [],
   "source": [
    "list_tickets=['RADL3.SA','OIBR4.SA','LAME4.SA','UGPA3.SA','EQTL3.SA','BBSE3.SA','LREN3.SA','ENBR3.SA','JBSS3.SA','KLBN11.SA','BBDC3.SA','BBDC4.SA','BRKM5.SA','BBAS3.SA','CMIG4.SA','BRML3.SA','ITSA4.SA','ECOR3.SA','MULT3.SA','CCRO3.SA','SBSP3.SA','PETR3.SA','USIM5.SA']"
   ]
  },
  {
   "cell_type": "code",
   "execution_count": 4,
   "metadata": {},
   "outputs": [],
   "source": [
    "data=get_close_all_assets(list_tickets)"
   ]
  },
  {
   "cell_type": "code",
   "execution_count": 5,
   "metadata": {},
   "outputs": [
    {
     "data": {
      "text/html": [
       "<div>\n",
       "<style scoped>\n",
       "    .dataframe tbody tr th:only-of-type {\n",
       "        vertical-align: middle;\n",
       "    }\n",
       "\n",
       "    .dataframe tbody tr th {\n",
       "        vertical-align: top;\n",
       "    }\n",
       "\n",
       "    .dataframe thead th {\n",
       "        text-align: right;\n",
       "    }\n",
       "</style>\n",
       "<table border=\"1\" class=\"dataframe\">\n",
       "  <thead>\n",
       "    <tr style=\"text-align: right;\">\n",
       "      <th></th>\n",
       "      <th>RADL3.SA</th>\n",
       "      <th>OIBR4.SA</th>\n",
       "      <th>LAME4.SA</th>\n",
       "      <th>UGPA3.SA</th>\n",
       "      <th>EQTL3.SA</th>\n",
       "      <th>BBSE3.SA</th>\n",
       "      <th>LREN3.SA</th>\n",
       "      <th>ENBR3.SA</th>\n",
       "      <th>JBSS3.SA</th>\n",
       "      <th>KLBN11.SA</th>\n",
       "      <th>...</th>\n",
       "      <th>BBAS3.SA</th>\n",
       "      <th>CMIG4.SA</th>\n",
       "      <th>BRML3.SA</th>\n",
       "      <th>ITSA4.SA</th>\n",
       "      <th>ECOR3.SA</th>\n",
       "      <th>MULT3.SA</th>\n",
       "      <th>CCRO3.SA</th>\n",
       "      <th>SBSP3.SA</th>\n",
       "      <th>PETR3.SA</th>\n",
       "      <th>USIM5.SA</th>\n",
       "    </tr>\n",
       "    <tr>\n",
       "      <th>Date</th>\n",
       "      <th></th>\n",
       "      <th></th>\n",
       "      <th></th>\n",
       "      <th></th>\n",
       "      <th></th>\n",
       "      <th></th>\n",
       "      <th></th>\n",
       "      <th></th>\n",
       "      <th></th>\n",
       "      <th></th>\n",
       "      <th></th>\n",
       "      <th></th>\n",
       "      <th></th>\n",
       "      <th></th>\n",
       "      <th></th>\n",
       "      <th></th>\n",
       "      <th></th>\n",
       "      <th></th>\n",
       "      <th></th>\n",
       "      <th></th>\n",
       "      <th></th>\n",
       "    </tr>\n",
       "  </thead>\n",
       "  <tbody>\n",
       "    <tr>\n",
       "      <th>2014-01-23</th>\n",
       "      <td>2.554269</td>\n",
       "      <td>43.599998</td>\n",
       "      <td>9.432502</td>\n",
       "      <td>24.206867</td>\n",
       "      <td>3.966507</td>\n",
       "      <td>13.884871</td>\n",
       "      <td>8.476008</td>\n",
       "      <td>6.264583</td>\n",
       "      <td>6.881075</td>\n",
       "      <td>9.338803</td>\n",
       "      <td>...</td>\n",
       "      <td>13.889954</td>\n",
       "      <td>6.253376</td>\n",
       "      <td>9.745341</td>\n",
       "      <td>3.726485</td>\n",
       "      <td>9.605475</td>\n",
       "      <td>13.574650</td>\n",
       "      <td>11.966423</td>\n",
       "      <td>19.380987</td>\n",
       "      <td>11.944199</td>\n",
       "      <td>11.238729</td>\n",
       "    </tr>\n",
       "    <tr>\n",
       "      <th>2014-01-24</th>\n",
       "      <td>2.617612</td>\n",
       "      <td>42.500000</td>\n",
       "      <td>9.331211</td>\n",
       "      <td>23.925812</td>\n",
       "      <td>3.918636</td>\n",
       "      <td>13.530488</td>\n",
       "      <td>8.293478</td>\n",
       "      <td>6.181735</td>\n",
       "      <td>7.008502</td>\n",
       "      <td>9.338803</td>\n",
       "      <td>...</td>\n",
       "      <td>13.670396</td>\n",
       "      <td>6.217047</td>\n",
       "      <td>9.483527</td>\n",
       "      <td>3.699414</td>\n",
       "      <td>9.422303</td>\n",
       "      <td>13.381397</td>\n",
       "      <td>11.724604</td>\n",
       "      <td>18.812603</td>\n",
       "      <td>11.638362</td>\n",
       "      <td>11.229711</td>\n",
       "    </tr>\n",
       "    <tr>\n",
       "      <th>2014-01-27</th>\n",
       "      <td>2.679093</td>\n",
       "      <td>40.400002</td>\n",
       "      <td>9.432502</td>\n",
       "      <td>23.504227</td>\n",
       "      <td>3.846828</td>\n",
       "      <td>13.379441</td>\n",
       "      <td>8.141374</td>\n",
       "      <td>5.926819</td>\n",
       "      <td>7.152920</td>\n",
       "      <td>9.338803</td>\n",
       "      <td>...</td>\n",
       "      <td>13.838296</td>\n",
       "      <td>6.117138</td>\n",
       "      <td>9.506798</td>\n",
       "      <td>3.776110</td>\n",
       "      <td>9.349035</td>\n",
       "      <td>13.372613</td>\n",
       "      <td>11.739258</td>\n",
       "      <td>18.172178</td>\n",
       "      <td>11.588767</td>\n",
       "      <td>11.022254</td>\n",
       "    </tr>\n",
       "    <tr>\n",
       "      <th>2014-01-28</th>\n",
       "      <td>2.755479</td>\n",
       "      <td>40.000000</td>\n",
       "      <td>9.673061</td>\n",
       "      <td>23.934881</td>\n",
       "      <td>3.846828</td>\n",
       "      <td>13.420108</td>\n",
       "      <td>8.112400</td>\n",
       "      <td>6.130752</td>\n",
       "      <td>7.093454</td>\n",
       "      <td>10.008361</td>\n",
       "      <td>...</td>\n",
       "      <td>13.683322</td>\n",
       "      <td>6.162550</td>\n",
       "      <td>9.308984</td>\n",
       "      <td>3.780621</td>\n",
       "      <td>9.261114</td>\n",
       "      <td>13.191072</td>\n",
       "      <td>11.665981</td>\n",
       "      <td>17.851959</td>\n",
       "      <td>11.588767</td>\n",
       "      <td>11.031270</td>\n",
       "    </tr>\n",
       "    <tr>\n",
       "      <th>2014-01-29</th>\n",
       "      <td>2.680956</td>\n",
       "      <td>40.200001</td>\n",
       "      <td>9.426170</td>\n",
       "      <td>24.238600</td>\n",
       "      <td>3.795538</td>\n",
       "      <td>13.245818</td>\n",
       "      <td>7.966084</td>\n",
       "      <td>6.207227</td>\n",
       "      <td>7.008502</td>\n",
       "      <td>9.820695</td>\n",
       "      <td>...</td>\n",
       "      <td>13.076317</td>\n",
       "      <td>6.062643</td>\n",
       "      <td>9.052985</td>\n",
       "      <td>3.735507</td>\n",
       "      <td>9.158538</td>\n",
       "      <td>12.833843</td>\n",
       "      <td>11.541405</td>\n",
       "      <td>17.435678</td>\n",
       "      <td>11.365588</td>\n",
       "      <td>11.112451</td>\n",
       "    </tr>\n",
       "    <tr>\n",
       "      <th>...</th>\n",
       "      <td>...</td>\n",
       "      <td>...</td>\n",
       "      <td>...</td>\n",
       "      <td>...</td>\n",
       "      <td>...</td>\n",
       "      <td>...</td>\n",
       "      <td>...</td>\n",
       "      <td>...</td>\n",
       "      <td>...</td>\n",
       "      <td>...</td>\n",
       "      <td>...</td>\n",
       "      <td>...</td>\n",
       "      <td>...</td>\n",
       "      <td>...</td>\n",
       "      <td>...</td>\n",
       "      <td>...</td>\n",
       "      <td>...</td>\n",
       "      <td>...</td>\n",
       "      <td>...</td>\n",
       "      <td>...</td>\n",
       "      <td>...</td>\n",
       "    </tr>\n",
       "    <tr>\n",
       "      <th>2021-09-02</th>\n",
       "      <td>25.440001</td>\n",
       "      <td>1.690000</td>\n",
       "      <td>5.780000</td>\n",
       "      <td>14.380000</td>\n",
       "      <td>26.020000</td>\n",
       "      <td>18.690001</td>\n",
       "      <td>36.529999</td>\n",
       "      <td>18.549999</td>\n",
       "      <td>30.230000</td>\n",
       "      <td>25.299999</td>\n",
       "      <td>...</td>\n",
       "      <td>29.200001</td>\n",
       "      <td>13.690000</td>\n",
       "      <td>8.770000</td>\n",
       "      <td>11.270000</td>\n",
       "      <td>9.670000</td>\n",
       "      <td>20.370001</td>\n",
       "      <td>12.000000</td>\n",
       "      <td>36.490002</td>\n",
       "      <td>27.290001</td>\n",
       "      <td>16.230000</td>\n",
       "    </tr>\n",
       "    <tr>\n",
       "      <th>2021-09-03</th>\n",
       "      <td>26.090000</td>\n",
       "      <td>1.710000</td>\n",
       "      <td>6.020000</td>\n",
       "      <td>14.760000</td>\n",
       "      <td>25.650000</td>\n",
       "      <td>19.180000</td>\n",
       "      <td>37.119999</td>\n",
       "      <td>18.340000</td>\n",
       "      <td>31.100000</td>\n",
       "      <td>25.500000</td>\n",
       "      <td>...</td>\n",
       "      <td>29.129999</td>\n",
       "      <td>13.610000</td>\n",
       "      <td>8.660000</td>\n",
       "      <td>11.250000</td>\n",
       "      <td>9.740000</td>\n",
       "      <td>20.170000</td>\n",
       "      <td>11.920000</td>\n",
       "      <td>35.599998</td>\n",
       "      <td>27.299999</td>\n",
       "      <td>16.280001</td>\n",
       "    </tr>\n",
       "    <tr>\n",
       "      <th>2021-09-06</th>\n",
       "      <td>26.160000</td>\n",
       "      <td>1.730000</td>\n",
       "      <td>6.200000</td>\n",
       "      <td>14.970000</td>\n",
       "      <td>25.400000</td>\n",
       "      <td>19.270000</td>\n",
       "      <td>37.119999</td>\n",
       "      <td>18.510000</td>\n",
       "      <td>32.099998</td>\n",
       "      <td>25.180000</td>\n",
       "      <td>...</td>\n",
       "      <td>29.650000</td>\n",
       "      <td>13.490000</td>\n",
       "      <td>8.810000</td>\n",
       "      <td>11.460000</td>\n",
       "      <td>9.930000</td>\n",
       "      <td>20.540001</td>\n",
       "      <td>11.980000</td>\n",
       "      <td>35.599998</td>\n",
       "      <td>27.370001</td>\n",
       "      <td>16.540001</td>\n",
       "    </tr>\n",
       "    <tr>\n",
       "      <th>2021-09-08</th>\n",
       "      <td>25.379999</td>\n",
       "      <td>1.610000</td>\n",
       "      <td>5.670000</td>\n",
       "      <td>14.130000</td>\n",
       "      <td>24.650000</td>\n",
       "      <td>18.400000</td>\n",
       "      <td>35.180000</td>\n",
       "      <td>17.719999</td>\n",
       "      <td>31.270000</td>\n",
       "      <td>25.450001</td>\n",
       "      <td>...</td>\n",
       "      <td>28.400000</td>\n",
       "      <td>13.250000</td>\n",
       "      <td>8.470000</td>\n",
       "      <td>10.920000</td>\n",
       "      <td>9.470000</td>\n",
       "      <td>19.639999</td>\n",
       "      <td>11.670000</td>\n",
       "      <td>33.639999</td>\n",
       "      <td>25.850000</td>\n",
       "      <td>15.590000</td>\n",
       "    </tr>\n",
       "    <tr>\n",
       "      <th>2021-09-09</th>\n",
       "      <td>25.340000</td>\n",
       "      <td>1.670000</td>\n",
       "      <td>5.620000</td>\n",
       "      <td>14.120000</td>\n",
       "      <td>24.570000</td>\n",
       "      <td>18.330000</td>\n",
       "      <td>35.049999</td>\n",
       "      <td>17.870001</td>\n",
       "      <td>31.709999</td>\n",
       "      <td>25.580000</td>\n",
       "      <td>...</td>\n",
       "      <td>28.440001</td>\n",
       "      <td>13.230000</td>\n",
       "      <td>8.510000</td>\n",
       "      <td>10.900000</td>\n",
       "      <td>9.320000</td>\n",
       "      <td>19.930000</td>\n",
       "      <td>11.450000</td>\n",
       "      <td>33.730000</td>\n",
       "      <td>25.469999</td>\n",
       "      <td>15.570000</td>\n",
       "    </tr>\n",
       "  </tbody>\n",
       "</table>\n",
       "<p>1891 rows × 23 columns</p>\n",
       "</div>"
      ],
      "text/plain": [
       "             RADL3.SA   OIBR4.SA  LAME4.SA   UGPA3.SA   EQTL3.SA   BBSE3.SA  \\\n",
       "Date                                                                          \n",
       "2014-01-23   2.554269  43.599998  9.432502  24.206867   3.966507  13.884871   \n",
       "2014-01-24   2.617612  42.500000  9.331211  23.925812   3.918636  13.530488   \n",
       "2014-01-27   2.679093  40.400002  9.432502  23.504227   3.846828  13.379441   \n",
       "2014-01-28   2.755479  40.000000  9.673061  23.934881   3.846828  13.420108   \n",
       "2014-01-29   2.680956  40.200001  9.426170  24.238600   3.795538  13.245818   \n",
       "...               ...        ...       ...        ...        ...        ...   \n",
       "2021-09-02  25.440001   1.690000  5.780000  14.380000  26.020000  18.690001   \n",
       "2021-09-03  26.090000   1.710000  6.020000  14.760000  25.650000  19.180000   \n",
       "2021-09-06  26.160000   1.730000  6.200000  14.970000  25.400000  19.270000   \n",
       "2021-09-08  25.379999   1.610000  5.670000  14.130000  24.650000  18.400000   \n",
       "2021-09-09  25.340000   1.670000  5.620000  14.120000  24.570000  18.330000   \n",
       "\n",
       "             LREN3.SA   ENBR3.SA   JBSS3.SA  KLBN11.SA  ...   BBAS3.SA  \\\n",
       "Date                                                    ...              \n",
       "2014-01-23   8.476008   6.264583   6.881075   9.338803  ...  13.889954   \n",
       "2014-01-24   8.293478   6.181735   7.008502   9.338803  ...  13.670396   \n",
       "2014-01-27   8.141374   5.926819   7.152920   9.338803  ...  13.838296   \n",
       "2014-01-28   8.112400   6.130752   7.093454  10.008361  ...  13.683322   \n",
       "2014-01-29   7.966084   6.207227   7.008502   9.820695  ...  13.076317   \n",
       "...               ...        ...        ...        ...  ...        ...   \n",
       "2021-09-02  36.529999  18.549999  30.230000  25.299999  ...  29.200001   \n",
       "2021-09-03  37.119999  18.340000  31.100000  25.500000  ...  29.129999   \n",
       "2021-09-06  37.119999  18.510000  32.099998  25.180000  ...  29.650000   \n",
       "2021-09-08  35.180000  17.719999  31.270000  25.450001  ...  28.400000   \n",
       "2021-09-09  35.049999  17.870001  31.709999  25.580000  ...  28.440001   \n",
       "\n",
       "             CMIG4.SA  BRML3.SA   ITSA4.SA  ECOR3.SA   MULT3.SA   CCRO3.SA  \\\n",
       "Date                                                                         \n",
       "2014-01-23   6.253376  9.745341   3.726485  9.605475  13.574650  11.966423   \n",
       "2014-01-24   6.217047  9.483527   3.699414  9.422303  13.381397  11.724604   \n",
       "2014-01-27   6.117138  9.506798   3.776110  9.349035  13.372613  11.739258   \n",
       "2014-01-28   6.162550  9.308984   3.780621  9.261114  13.191072  11.665981   \n",
       "2014-01-29   6.062643  9.052985   3.735507  9.158538  12.833843  11.541405   \n",
       "...               ...       ...        ...       ...        ...        ...   \n",
       "2021-09-02  13.690000  8.770000  11.270000  9.670000  20.370001  12.000000   \n",
       "2021-09-03  13.610000  8.660000  11.250000  9.740000  20.170000  11.920000   \n",
       "2021-09-06  13.490000  8.810000  11.460000  9.930000  20.540001  11.980000   \n",
       "2021-09-08  13.250000  8.470000  10.920000  9.470000  19.639999  11.670000   \n",
       "2021-09-09  13.230000  8.510000  10.900000  9.320000  19.930000  11.450000   \n",
       "\n",
       "             SBSP3.SA   PETR3.SA   USIM5.SA  \n",
       "Date                                         \n",
       "2014-01-23  19.380987  11.944199  11.238729  \n",
       "2014-01-24  18.812603  11.638362  11.229711  \n",
       "2014-01-27  18.172178  11.588767  11.022254  \n",
       "2014-01-28  17.851959  11.588767  11.031270  \n",
       "2014-01-29  17.435678  11.365588  11.112451  \n",
       "...               ...        ...        ...  \n",
       "2021-09-02  36.490002  27.290001  16.230000  \n",
       "2021-09-03  35.599998  27.299999  16.280001  \n",
       "2021-09-06  35.599998  27.370001  16.540001  \n",
       "2021-09-08  33.639999  25.850000  15.590000  \n",
       "2021-09-09  33.730000  25.469999  15.570000  \n",
       "\n",
       "[1891 rows x 23 columns]"
      ]
     },
     "execution_count": 5,
     "metadata": {},
     "output_type": "execute_result"
    }
   ],
   "source": [
    "data"
   ]
  },
  {
   "cell_type": "code",
   "execution_count": 6,
   "metadata": {},
   "outputs": [],
   "source": [
    "#optimize the protfolio\n",
    "from pypfopt.efficient_frontier import EfficientFrontier as efront\n",
    "from pypfopt import risk_models\n",
    "from pypfopt import expected_returns\n"
   ]
  },
  {
   "cell_type": "code",
   "execution_count": 7,
   "metadata": {},
   "outputs": [],
   "source": [
    "#calcular el valor anualizado de los retornos y la matriz de de covarianza anualzada para los retornos\n",
    "mu=expected_returns.mean_historical_return(data)\n",
    "S=risk_models.sample_cov(data)\n",
    "\n"
   ]
  },
  {
   "cell_type": "code",
   "execution_count": 59,
   "metadata": {},
   "outputs": [
    {
     "data": {
      "application/vnd.plotly.v1+json": {
       "config": {
        "plotlyServerURL": "https://plot.ly"
       },
       "data": [
        {
         "coloraxis": "coloraxis",
         "hovertemplate": "x: %{x}<br>y: %{y}<br>color: %{z}<extra></extra>",
         "name": "0",
         "type": "heatmap",
         "x": [
          "RADL3.SA",
          "OIBR4.SA",
          "LAME4.SA",
          "UGPA3.SA",
          "EQTL3.SA",
          "BBSE3.SA",
          "LREN3.SA",
          "ENBR3.SA",
          "JBSS3.SA",
          "KLBN11.SA",
          "BBDC3.SA",
          "BBDC4.SA",
          "BRKM5.SA",
          "BBAS3.SA",
          "CMIG4.SA",
          "BRML3.SA",
          "ITSA4.SA",
          "ECOR3.SA",
          "MULT3.SA",
          "CCRO3.SA",
          "SBSP3.SA",
          "PETR3.SA",
          "USIM5.SA"
         ],
         "xaxis": "x",
         "y": [
          "RADL3.SA",
          "OIBR4.SA",
          "LAME4.SA",
          "UGPA3.SA",
          "EQTL3.SA",
          "BBSE3.SA",
          "LREN3.SA",
          "ENBR3.SA",
          "JBSS3.SA",
          "KLBN11.SA",
          "BBDC3.SA",
          "BBDC4.SA",
          "BRKM5.SA",
          "BBAS3.SA",
          "CMIG4.SA",
          "BRML3.SA",
          "ITSA4.SA",
          "ECOR3.SA",
          "MULT3.SA",
          "CCRO3.SA",
          "SBSP3.SA",
          "PETR3.SA",
          "USIM5.SA"
         ],
         "yaxis": "y",
         "z": [
          [
           0.100318558319293,
           0.025542712647260078,
           0.04949881091775336,
           0.03929011237785533,
           0.027698883480571427,
           0.032004393594117546,
           0.04688332420577761,
           0.029715880044365824,
           0.03310911419182773,
           0.018865513851835655,
           0.04072581845141502,
           0.04047787915076004,
           0.025731401089709095,
           0.045456117580415345,
           0.04085433095262221,
           0.04271896538792619,
           0.03715068596061185,
           0.04626568658787495,
           0.04111502904299017,
           0.04149844453882281,
           0.032883122168579464,
           0.044626515283078205,
           0.037965611461191096
          ],
          [
           0.025542712647260078,
           0.5324717210307318,
           0.05501246146675112,
           0.060028196267319624,
           0.02955002746110484,
           0.033230079261658885,
           0.05345078031837187,
           0.0415484958321421,
           0.03926500899702124,
           0.019455576698099705,
           0.0575163822474343,
           0.057954483820743745,
           0.0416362192519523,
           0.07068669401285967,
           0.05630237701947335,
           0.06473077393769855,
           0.048933121871756614,
           0.06545885719870101,
           0.05419828684008563,
           0.057545663923569045,
           0.05343070128832616,
           0.07924448286711538,
           0.08227655143209374
          ],
          [
           0.04949881091775336,
           0.05501246146675112,
           0.2175621253614895,
           0.07677989074078065,
           0.048839686173765606,
           0.058846139135503774,
           0.08425274531158104,
           0.05742901686164937,
           0.06715330044876755,
           0.033093677512861526,
           0.07846567883346317,
           0.0771210446890621,
           0.06249213524709764,
           0.09465027748889897,
           0.08401914516226573,
           0.09000995102086926,
           0.06483216722637099,
           0.09459409683670256,
           0.08118283774316837,
           0.08721992997958843,
           0.0694349773107915,
           0.0908777304686483,
           0.08918001781255669
          ],
          [
           0.03929011237785533,
           0.060028196267319624,
           0.07677989074078065,
           0.1520808352402211,
           0.05115177287924869,
           0.056376180694800195,
           0.07875692461297484,
           0.05530605389372158,
           0.05883575849640916,
           0.029086784664753004,
           0.08337955027405185,
           0.08267379650540341,
           0.0769119939923473,
           0.09464102553401246,
           0.08311762000725134,
           0.08370215780183515,
           0.06935283058204049,
           0.093997559037927,
           0.07463519686093616,
           0.08959858688610985,
           0.07084962741428169,
           0.10105313625450862,
           0.08300768960915392
          ],
          [
           0.027698883480571427,
           0.02955002746110484,
           0.048839686173765606,
           0.05115177287924869,
           0.07811538497399646,
           0.038317646802020267,
           0.05076354625755666,
           0.044971346226616374,
           0.03583245331069949,
           0.01918784103764731,
           0.05066832479945834,
           0.049622673482545024,
           0.042511953408387884,
           0.06018931629667527,
           0.06280988762248464,
           0.056034331015439004,
           0.04599770090024811,
           0.059938058117451266,
           0.050583608464460236,
           0.05549867223655886,
           0.056319362870994205,
           0.060270781270248104,
           0.049927549104802696
          ],
          [
           0.032004393594117546,
           0.033230079261658885,
           0.058846139135503774,
           0.056376180694800195,
           0.038317646802020267,
           0.10013851153401154,
           0.05827359693164546,
           0.043427296476566526,
           0.03968651786933391,
           0.017850593399023312,
           0.0693728908108569,
           0.07076418240885975,
           0.040104207391301126,
           0.08851263836064575,
           0.06432452690811258,
           0.06554330036044288,
           0.062096118215737885,
           0.06912960416326948,
           0.05722830438259159,
           0.06797606174636753,
           0.052041388327675644,
           0.07057415385610848,
           0.06736774438564622
          ],
          [
           0.04688332420577761,
           0.05345078031837187,
           0.08425274531158104,
           0.07875692461297484,
           0.05076354625755666,
           0.05827359693164546,
           0.13852573861171294,
           0.05192329873421944,
           0.05579685198777057,
           0.022141402205566384,
           0.0823284938008209,
           0.08428785809874961,
           0.06332191191350878,
           0.09669974306786558,
           0.08178893863683494,
           0.09662422908326349,
           0.06834148211163926,
           0.09048588004751211,
           0.09148707401078898,
           0.08429613214543187,
           0.06607413990873587,
           0.09159640255126307,
           0.07867462199213857
          ],
          [
           0.029715880044365824,
           0.0415484958321421,
           0.05742901686164937,
           0.05530605389372158,
           0.044971346226616374,
           0.043427296476566526,
           0.05192329873421944,
           0.10221850998978495,
           0.04595709320648969,
           0.022225990094110432,
           0.056716578371534404,
           0.05645178345491919,
           0.04519892022118852,
           0.0711664802080382,
           0.07183099734306288,
           0.05846014708982773,
           0.05135611253760899,
           0.06567729039965015,
           0.0507133344905705,
           0.06460097880438578,
           0.05850538663980971,
           0.06155733929932697,
           0.05767076863931876
          ],
          [
           0.03310911419182773,
           0.03926500899702124,
           0.06715330044876755,
           0.05883575849640916,
           0.03583245331069949,
           0.03968651786933391,
           0.05579685198777057,
           0.04595709320648969,
           0.25215976303723986,
           0.03863526275425238,
           0.05811615739271793,
           0.057828284434082,
           0.06545477887339994,
           0.0723518139139558,
           0.062074812205684095,
           0.06296595042438186,
           0.04919210137766554,
           0.06486371316024321,
           0.055837889321558185,
           0.0705735365253313,
           0.053403476028409974,
           0.0832356595875676,
           0.07534722257533312
          ],
          [
           0.018865513851835655,
           0.019455576698099705,
           0.033093677512861526,
           0.029086784664753004,
           0.01918784103764731,
           0.017850593399023312,
           0.022141402205566384,
           0.022225990094110432,
           0.03863526275425238,
           0.09570415712557404,
           0.025356332954327033,
           0.0254349087206754,
           0.04464334476588701,
           0.02677163370073629,
           0.025031702721549563,
           0.025770057399590953,
           0.021102323122088512,
           0.023769796895641914,
           0.023846282829317035,
           0.02227797271774721,
           0.024735608304391424,
           0.0407294742637193,
           0.041499173853823415
          ],
          [
           0.04072581845141502,
           0.0575163822474343,
           0.07846567883346317,
           0.08337955027405185,
           0.05066832479945834,
           0.0693728908108569,
           0.0823284938008209,
           0.056716578371534404,
           0.05811615739271793,
           0.025356332954327033,
           0.13356908388722344,
           0.12829952657025545,
           0.06967378970674072,
           0.13354538768224175,
           0.09435350403818997,
           0.09495753929313289,
           0.09995900926763646,
           0.09111689136853922,
           0.08293476069088239,
           0.08925579060625444,
           0.0753859410290505,
           0.12128145576872248,
           0.09965846979788688
          ],
          [
           0.04047787915076004,
           0.057954483820743745,
           0.0771210446890621,
           0.08267379650540341,
           0.049622673482545024,
           0.07076418240885975,
           0.08428785809874961,
           0.05645178345491919,
           0.057828284434082,
           0.0254349087206754,
           0.12829952657025545,
           0.14258774389317586,
           0.0676645720151062,
           0.1393111862817423,
           0.096288824181422,
           0.09709336865271938,
           0.10338009681777888,
           0.09414544942856354,
           0.08476671647087816,
           0.09015636835076862,
           0.07537497713292494,
           0.12782707232435997,
           0.10436034109927728
          ],
          [
           0.025731401089709095,
           0.0416362192519523,
           0.06249213524709764,
           0.0769119939923473,
           0.042511953408387884,
           0.040104207391301126,
           0.06332191191350878,
           0.04519892022118852,
           0.06545477887339994,
           0.04464334476588701,
           0.06967378970674072,
           0.0676645720151062,
           0.25408092816855166,
           0.07617528665170319,
           0.06692952331588604,
           0.07221568760686226,
           0.05604749204776468,
           0.07121937972139146,
           0.060448283781984864,
           0.06936641607154104,
           0.06665635207817386,
           0.094209862394711,
           0.09342428037339923
          ],
          [
           0.045456117580415345,
           0.07068669401285967,
           0.09465027748889897,
           0.09464102553401246,
           0.06018931629667527,
           0.08851263836064575,
           0.09669974306786558,
           0.0711664802080382,
           0.0723518139139558,
           0.02677163370073629,
           0.13354538768224175,
           0.1393111862817423,
           0.07617528665170319,
           0.21612684085789216,
           0.12335861932685453,
           0.11618293269192367,
           0.11659542620516455,
           0.11440426615257088,
           0.09680523019081724,
           0.11126731465408286,
           0.09538750154604374,
           0.15652585826597276,
           0.13498576465483425
          ],
          [
           0.04085433095262221,
           0.05630237701947335,
           0.08401914516226573,
           0.08311762000725134,
           0.06280988762248464,
           0.06432452690811258,
           0.08178893863683494,
           0.07183099734306288,
           0.062074812205684095,
           0.025031702721549563,
           0.09435350403818997,
           0.096288824181422,
           0.06692952331588604,
           0.12335861932685453,
           0.21180508922281982,
           0.0930223428191015,
           0.0830908383470419,
           0.10117292017201543,
           0.07900998048036609,
           0.09275382001619667,
           0.09090741124720379,
           0.11613112271619674,
           0.11602545577015415
          ],
          [
           0.04271896538792619,
           0.06473077393769855,
           0.09000995102086926,
           0.08370215780183515,
           0.056034331015439004,
           0.06554330036044288,
           0.09662422908326349,
           0.05846014708982773,
           0.06296595042438186,
           0.025770057399590953,
           0.09495753929313289,
           0.09709336865271938,
           0.07221568760686226,
           0.11618293269192367,
           0.0930223428191015,
           0.16977272152786624,
           0.08037725449349414,
           0.10412117240328056,
           0.11683951633226414,
           0.10001907877048816,
           0.07771139300192725,
           0.11109317133195036,
           0.09117240477870292
          ],
          [
           0.03715068596061185,
           0.048933121871756614,
           0.06483216722637099,
           0.06935283058204049,
           0.04599770090024811,
           0.062096118215737885,
           0.06834148211163926,
           0.05135611253760899,
           0.04919210137766554,
           0.021102323122088512,
           0.09995900926763646,
           0.10338009681777888,
           0.05604749204776468,
           0.11659542620516455,
           0.0830908383470419,
           0.08037725449349414,
           0.10298158010227093,
           0.07954978199193735,
           0.0696822880309933,
           0.07665860378709795,
           0.06567402549801743,
           0.10193622059157882,
           0.084245990749397
          ],
          [
           0.04626568658787495,
           0.06545885719870101,
           0.09459409683670256,
           0.093997559037927,
           0.059938058117451266,
           0.06912960416326948,
           0.09048588004751211,
           0.06567729039965015,
           0.06486371316024321,
           0.023769796895641914,
           0.09111689136853922,
           0.09414544942856354,
           0.07121937972139146,
           0.11440426615257088,
           0.10117292017201543,
           0.10412117240328056,
           0.07954978199193735,
           0.19994057335758542,
           0.09039083997430378,
           0.13661173538757043,
           0.0857350543218041,
           0.1131705180765727,
           0.1021009604708006
          ],
          [
           0.04111502904299017,
           0.05419828684008563,
           0.08118283774316837,
           0.07463519686093616,
           0.050583608464460236,
           0.05722830438259159,
           0.09148707401078898,
           0.0507133344905705,
           0.055837889321558185,
           0.023846282829317035,
           0.08293476069088239,
           0.08476671647087816,
           0.060448283781984864,
           0.09680523019081724,
           0.07900998048036609,
           0.11683951633226414,
           0.0696822880309933,
           0.09039083997430378,
           0.13632770989096377,
           0.0894946973907384,
           0.06521725247753388,
           0.0968442194959738,
           0.07505511041177453
          ],
          [
           0.04149844453882281,
           0.057545663923569045,
           0.08721992997958843,
           0.08959858688610985,
           0.05549867223655886,
           0.06797606174636753,
           0.08429613214543187,
           0.06460097880438578,
           0.0705735365253313,
           0.02227797271774721,
           0.08925579060625444,
           0.09015636835076862,
           0.06936641607154104,
           0.11126731465408286,
           0.09275382001619667,
           0.10001907877048816,
           0.07665860378709795,
           0.13661173538757043,
           0.0894946973907384,
           0.17325881689156614,
           0.08051118595457575,
           0.10974691835293411,
           0.09327960457553197
          ],
          [
           0.032883122168579464,
           0.05343070128832616,
           0.0694349773107915,
           0.07084962741428169,
           0.056319362870994205,
           0.052041388327675644,
           0.06607413990873587,
           0.05850538663980971,
           0.053403476028409974,
           0.024735608304391424,
           0.0753859410290505,
           0.07537497713292494,
           0.06665635207817386,
           0.09538750154604374,
           0.09090741124720379,
           0.07771139300192725,
           0.06567402549801743,
           0.0857350543218041,
           0.06521725247753388,
           0.08051118595457575,
           0.157827204946189,
           0.09152906225090907,
           0.08200576832294448
          ],
          [
           0.044626515283078205,
           0.07924448286711538,
           0.0908777304686483,
           0.10105313625450862,
           0.060270781270248104,
           0.07057415385610848,
           0.09159640255126307,
           0.06155733929932697,
           0.0832356595875676,
           0.0407294742637193,
           0.12128145576872248,
           0.12782707232435997,
           0.094209862394711,
           0.15652585826597276,
           0.11613112271619674,
           0.11109317133195036,
           0.10193622059157882,
           0.1131705180765727,
           0.0968442194959738,
           0.10974691835293411,
           0.09152906225090907,
           0.2797873987988733,
           0.14470580874430505
          ],
          [
           0.037965611461191096,
           0.08227655143209374,
           0.08918001781255669,
           0.08300768960915392,
           0.049927549104802696,
           0.06736774438564622,
           0.07867462199213857,
           0.05767076863931876,
           0.07534722257533312,
           0.041499173853823415,
           0.09965846979788688,
           0.10436034109927728,
           0.09342428037339923,
           0.13498576465483425,
           0.11602545577015415,
           0.09117240477870292,
           0.084245990749397,
           0.1021009604708006,
           0.07505511041177453,
           0.09327960457553197,
           0.08200576832294448,
           0.14470580874430505,
           0.3813730772034335
          ]
         ]
        }
       ],
       "layout": {
        "coloraxis": {
         "colorscale": [
          [
           0,
           "#0d0887"
          ],
          [
           0.1111111111111111,
           "#46039f"
          ],
          [
           0.2222222222222222,
           "#7201a8"
          ],
          [
           0.3333333333333333,
           "#9c179e"
          ],
          [
           0.4444444444444444,
           "#bd3786"
          ],
          [
           0.5555555555555556,
           "#d8576b"
          ],
          [
           0.6666666666666666,
           "#ed7953"
          ],
          [
           0.7777777777777778,
           "#fb9f3a"
          ],
          [
           0.8888888888888888,
           "#fdca26"
          ],
          [
           1,
           "#f0f921"
          ]
         ]
        },
        "margin": {
         "t": 60
        },
        "template": {
         "data": {
          "bar": [
           {
            "error_x": {
             "color": "#2a3f5f"
            },
            "error_y": {
             "color": "#2a3f5f"
            },
            "marker": {
             "line": {
              "color": "#E5ECF6",
              "width": 0.5
             },
             "pattern": {
              "fillmode": "overlay",
              "size": 10,
              "solidity": 0.2
             }
            },
